2.120664091517528504e+01,1.407496660849247405e+01,2.000000000000000000e+00
2.478122526151040361e+01,1.014549573379800407e+01,1.000000000000000000e+00
-4.156752152200898109e+00,1.148289371026521799e+01,3.000000000000000000e+00
2.492381761662663564e+01,1.483852136571667479e+01,2.000000000000000000e+00
2.283766467551217261e+00,6.366927841202739913e+00,3.000000000000000000e+00
4.389790455978411110e+00,9.783848269902518879e+00,1.000000000000000000e+00
1.832749920702713098e+01,1.406378457796241577e+01,2.000000000000000000e+00
6.531840322114963904e+00,8.610704620903000261e-01,1.000000000000000000e+00
-2.182490217398320098e+01,5.800660070154437520e-01,1.000000000000000000e+00
-1.873350198660116206e+00,1.297824746188756073e+01,3.000000000000000000e+00
3.606490913968548284e+01,1.621206997030964914e+01,2.000000000000000000e+00
8.967546501490645028e+00,1.493293837214617525e+01,2.000000000000000000e+00
4.678032240053012458e+01,1.001713218835273622e+01,2.000000000000000000e+00
-1.175768548934844304e+01,2.113713021318414320e+01,3.000000000000000000e+00
2.639822793676927848e+00,4.052205765019423644e+00,1.000000000000000000e+00
-2.283141828266565909e+01,1.143342810740634796e+01,3.000000000000000000e+00
4.011725763520298926e+01,1.351192799737884798e+01,2.000000000000000000e+00
1.897217767863684657e+01,9.912827201691305490e+00,1.000000000000000000e+00
-1.819812926116885876e+01,9.716313671652274664e+00,3.000000000000000000e+00
-1.430041057459370180e+01,-3.602212286128883889e+00,1.000000000000000000e+00
-2.781094316986975556e+01,1.443347071475719545e+01,3.000000000000000000e+00
2.267001693738549761e+00,8.317144309103206012e-01,1.000000000000000000e+00
-1.364594007453666258e+01,5.413281280190769706e+00,1.000000000000000000e+00
-1.822701547462520821e+01,1.646962644914134444e+01,3.000000000000000000e+00
-1.321370236784502161e+01,1.349412144667011937e+01,3.000000000000000000e+00
-1.491503776925767255e+01,2.243984081713913525e+01,3.000000000000000000e+00
1.055521802952419108e+01,1.536403193306104775e+01,2.000000000000000000e+00
-9.750092054857510959e+00,6.328495664305890500e+00,1.000000000000000000e+00
-2.874704326616723193e+01,1.049915201988611102e+01,3.000000000000000000e+00
2.767766258150955139e+01,1.504843855579340861e+01,2.000000000000000000e+00
-1.414248478380544682e+01,5.573758083488480786e+00,3.000000000000000000e+00
2.023212314500208819e+01,1.255865554982727694e+01,1.000000000000000000e+00
-1.040150052765892008e+00,5.052838793994964384e+00,1.000000000000000000e+00
-2.237308168521110119e+01,8.689134110274356004e+00,3.000000000000000000e+00
1.944334065431587533e+01,1.467533888184323132e+01,2.000000000000000000e+00
-1.242971180300419576e+01,-1.944521042520532816e-01,1.000000000000000000e+00
7.904444667212207065e+00,4.565349395561470125e+00,1.000000000000000000e+00
3.226838063535771539e+01,1.533227637211021666e+01,2.000000000000000000e+00
-2.472894735386513076e+01,1.774993669288053866e+01,3.000000000000000000e+00
3.128457663872766403e+01,1.365699634999590373e+01,2.000000000000000000e+00
2.333546193453125284e+01,1.123466897933483466e+01,2.000000000000000000e+00
-3.426171136677647056e+00,2.004458067519312436e+01,3.000000000000000000e+00
-8.466747741833962948e+00,1.078729301912256311e+01,3.000000000000000000e+00
-9.691027384396040389e+00,1.355809802577620360e+01,3.000000000000000000e+00
3.752694440570743950e+01,1.431340185078834359e+01,2.000000000000000000e+00
4.064902761605834769e+01,1.358768391963394606e+01,2.000000000000000000e+00
1.005283804908943601e+01,1.952903016892366850e+01,2.000000000000000000e+00
-5.292771473231693946e+00,1.425267942039790370e+01,3.000000000000000000e+00
2.568291453183768525e+01,1.462858718829163784e+01,2.000000000000000000e+00
1.122705872534151794e+01,8.926946956153111401e+00,1.000000000000000000e+00
3.094874554578275649e+01,1.674777702196579909e+01,2.000000000000000000e+00
-1.454650314406964640e+01,1.720991246247819362e+01,3.000000000000000000e+00
2.161414024939465861e+01,7.142480864695025744e+00,1.000000000000000000e+00
1.139773791139753190e-02,4.105373322212836129e+00,1.000000000000000000e+00
2.774583632811865641e+01,1.500184291437490103e+01,2.000000000000000000e+00
2.720270084821681067e+01,1.313301178456083562e+01,1.000000000000000000e+00
8.389960776824356259e+00,1.705588873251521420e+01,2.000000000000000000e+00
-1.226533474094814835e+00,2.193113875984804650e+01,2.000000000000000000e+00
2.279946270402301245e+00,5.932379932564830760e+00,1.000000000000000000e+00
1.035934016646340439e+00,2.167982994212746206e+01,2.000000000000000000e+00
7.102631644033093217e+00,6.991677429753263340e+00,1.000000000000000000e+00
-1.705338813809159859e+00,1.466223389628355989e+01,3.000000000000000000e+00
-2.156558559839912803e+01,4.021002753878531344e+00,3.000000000000000000e+00
9.339112658502457975e+00,1.283670458730173181e+01,1.000000000000000000e+00
-1.460964049968834999e+00,1.639159402079012295e+01,3.000000000000000000e+00
-1.807912310950365864e+01,2.029340630875530138e+01,3.000000000000000000e+00
2.230692474602154718e+01,1.246740898817432175e+01,2.000000000000000000e+00
1.958568998148567886e+00,4.196029051171819013e+00,3.000000000000000000e+00
2.128847582073470690e+01,1.623509910968116898e+01,2.000000000000000000e+00
-1.552535150685562471e+00,1.042758462721868895e+01,3.000000000000000000e+00
-2.662912197658169688e+01,6.866130895688208113e+00,3.000000000000000000e+00
1.477594923856631226e+01,1.610508529074484230e+01,2.000000000000000000e+00
2.691643760649835571e-01,8.130010628695073294e+00,3.000000000000000000e+00
-1.634888425577466720e+01,1.410070481543090892e+00,1.000000000000000000e+00
-1.411694584265990215e+01,1.795333585277436583e+00,1.000000000000000000e+00
1.842445728788866433e+01,1.187760279144491804e+01,2.000000000000000000e+00
-1.668728870977589551e+01,3.870550376220531774e-01,1.000000000000000000e+00
3.673447046148493200e+01,6.233619649206305624e+00,2.000000000000000000e+00
-1.591368445829998990e+01,1.963285505109987383e+01,3.000000000000000000e+00
1.504376080372636437e+01,2.892109542969216296e+00,1.000000000000000000e+00
-3.817031132965141182e+01,-5.220320412563248524e+00,1.000000000000000000e+00
1.102711411798071417e+01,1.697697634037162473e+01,2.000000000000000000e+00
-3.205628324642856342e+01,5.138427038105477962e+00,3.000000000000000000e+00
8.280626460015964696e+00,2.032164193203450608e+01,2.000000000000000000e+00
-2.271626508593783100e+01,1.370950926276380777e+01,3.000000000000000000e+00
1.937234781622721869e+01,5.395608998504616949e+00,1.000000000000000000e+00
-2.004111283837033497e+01,9.618346708514998511e+00,3.000000000000000000e+00
8.762829316690208259e-01,1.007498009145289330e+01,3.000000000000000000e+00
-1.850373545941354081e+01,1.533771518327612782e+01,3.000000000000000000e+00
-2.149367905851067917e+01,1.065220906105113308e+01,3.000000000000000000e+00
-1.194523186605965215e+01,1.300600972415549172e+00,1.000000000000000000e+00
-1.639403377893599867e+01,5.073156837934747365e+00,1.000000000000000000e+00
-1.857523496389525874e+01,8.128213310969917060e+00,3.000000000000000000e+00
9.150333026832750960e-01,7.557376704700440762e+00,3.000000000000000000e+00
-1.676284553245972120e+01,1.373242046056293653e+01,3.000000000000000000e+00
-5.385599549830615729e+00,5.372334286210827869e+00,1.000000000000000000e+00
1.390059498475636524e+01,1.438870180075524807e+01,1.000000000000000000e+00
1.960246474380860349e+01,9.536439693244796345e+00,1.000000000000000000e+00
9.644859185491334586e+00,3.148189218204500595e+00,1.000000000000000000e+00
2.658629781290375860e+01,1.016753226958843115e+01,2.000000000000000000e+00
-1.885615723469381422e+01,1.709992414022504192e+01,3.000000000000000000e+00
8.263216566586157441e+00,1.933094165922823748e+01,2.000000000000000000e+00
4.895141470657843108e+00,6.004575773821872353e+00,1.000000000000000000e+00
-1.026144310154368533e+01,5.558883038761484485e+00,1.000000000000000000e+00
-3.012834362720787595e+01,-2.941994261148765943e-01,1.000000000000000000e+00
2.691267765183602378e+01,1.039971963785550102e+01,2.000000000000000000e+00
2.040885819411466429e+01,1.390624235725922375e+01,2.000000000000000000e+00
-1.078879484558851587e+01,5.699152158292755566e+00,3.000000000000000000e+00
-1.699173947561333620e+01,1.431248983822528231e+01,3.000000000000000000e+00
9.269794648047584573e+00,1.798281976759134082e+01,2.000000000000000000e+00
-9.660670992032191151e+00,1.872257504803970463e+01,3.000000000000000000e+00
-1.240265055375241232e+01,-1.631545370739349465e+00,1.000000000000000000e+00
-1.187277979357048885e+01,1.193396629621346960e+00,1.000000000000000000e+00
-2.006760197285699476e+01,5.075085060147223714e+00,3.000000000000000000e+00
-1.052619207948704982e+01,2.824508167114543333e+00,1.000000000000000000e+00
-1.293600520567351531e+01,1.116549010444833456e+01,3.000000000000000000e+00
3.662884497310417942e+01,1.078246107435816725e+01,2.000000000000000000e+00
1.102273569193483560e+01,1.963021360617364053e+01,2.000000000000000000e+00
2.379928106044239655e+01,1.806158365083764750e+01,2.000000000000000000e+00
4.679850068951535436e-01,6.868994310776468382e+00,1.000000000000000000e+00
-8.119384104274590896e+00,8.910028340737685681e+00,3.000000000000000000e+00
-1.569833209798973250e+01,1.496814857144151922e+01,3.000000000000000000e+00
1.502405856661322936e+01,4.942509363384131049e+00,1.000000000000000000e+00
-1.091503554361056771e+01,1.784549322728396703e+01,3.000000000000000000e+00
-7.805711544190822693e+00,1.896712842017985068e+01,3.000000000000000000e+00
-3.148438113170880293e+00,4.951406793357577385e+00,1.000000000000000000e+00
-1.363981837068694780e+01,7.649740948978989152e+00,3.000000000000000000e+00
2.326732172453448655e+01,1.462650997681506126e+01,2.000000000000000000e+00
2.170694805554372309e+01,1.535195209095450153e+01,2.000000000000000000e+00
1.144778263214734970e+01,1.981292094287856997e+01,2.000000000000000000e+00
7.695929226658369871e+00,1.958244022787396332e+01,2.000000000000000000e+00
-1.391097160020204271e+01,1.002389006604500743e+01,3.000000000000000000e+00
1.322850240183153225e+01,5.578874131245397550e+00,1.000000000000000000e+00
-1.895639795321291388e+01,3.276827839489328653e+00,3.000000000000000000e+00
-1.577056430852826807e+01,1.269728185713676716e+01,3.000000000000000000e+00
4.928966499885821406e+01,6.635252650910445027e+00,2.000000000000000000e+00
2.537880688477044089e+01,1.044931389761856266e+01,1.000000000000000000e+00
-1.475149140351687649e+00,6.076994327946122709e+00,3.000000000000000000e+00
7.978169680099859384e+00,9.723174822274735618e+00,1.000000000000000000e+00
1.587804130683316650e+01,1.339032956648355466e+01,2.000000000000000000e+00
9.386809233357773508e+00,1.613268244269006146e+01,2.000000000000000000e+00
-1.698455316166952400e+01,5.698198994738477907e+00,3.000000000000000000e+00
8.582848397991712730e+00,8.759039936931102943e+00,1.000000000000000000e+00
-4.512918964599508698e+00,1.483892280907569017e+01,3.000000000000000000e+00
-1.070972071449300955e+01,1.219933979278050984e+01,3.000000000000000000e+00
-1.246508356550464036e+01,1.599585725495805200e+01,3.000000000000000000e+00
2.082885035370309978e+01,2.218308231781487194e+01,2.000000000000000000e+00
1.072950195461274348e+01,2.021016413571753745e+01,2.000000000000000000e+00
-1.909657037078119401e+01,9.725644075126393062e+00,3.000000000000000000e+00
1.737006704071808727e+01,1.569699004026649547e+01,2.000000000000000000e+00
-1.484201944731586664e+01,1.166800967665981581e+01,3.000000000000000000e+00
-2.659808065322824078e+01,-4.017635877789571097e+00,1.000000000000000000e+00
-1.063411844325511879e+01,8.656232003549733989e+00,3.000000000000000000e+00
1.499497783610776303e+01,2.098916737511810737e+01,2.000000000000000000e+00
-9.063976205532693342e+00,1.160060996861132665e+01,3.000000000000000000e+00
1.080570595451452576e+01,1.940541963519401492e+01,3.000000000000000000e+00
-1.203035669663078444e+01,-7.667361468711995087e-01,1.000000000000000000e+00
5.572794358303287510e+00,2.112385380604053253e+01,2.000000000000000000e+00
3.058230283719436216e+01,1.590097539110877634e+01,2.000000000000000000e+00
-6.768307101030054618e+00,6.910968322116282536e+00,1.000000000000000000e+00
-2.837717355556146615e+01,-1.211633970992858522e+00,1.000000000000000000e+00
-1.107533069249313940e+01,1.202735922912509992e+01,3.000000000000000000e+00
-2.787684631033078730e+01,-4.786840837278973027e+00,1.000000000000000000e+00
1.571145986183543641e+01,4.960809797524768250e+00,1.000000000000000000e+00
1.663019018408771998e+01,9.215667712117841859e+00,1.000000000000000000e+00
-1.832675814899760169e+00,1.120835094088938533e+01,3.000000000000000000e+00
-1.647270299534293159e+01,1.370124861920315595e+01,3.000000000000000000e+00
3.425103496474259401e+01,1.528581941829866331e+01,2.000000000000000000e+00
-3.286457562115121789e+01,1.631280143845950192e+01,3.000000000000000000e+00
4.314379710447423122e+01,1.191923044628625483e+01,2.000000000000000000e+00
-1.578783695081869354e+01,1.130560604749429210e+01,3.000000000000000000e+00
-2.102543835306989450e+01,8.259311192306897809e+00,3.000000000000000000e+00
-1.556377414171586437e+01,2.039492864573787756e+00,3.000000000000000000e+00
5.166129540878042548e+00,1.034678740917728934e+00,1.000000000000000000e+00
2.224370299256639072e+01,1.394894526129470691e+01,2.000000000000000000e+00
1.875105549924933257e+01,1.681555885246244841e+01,2.000000000000000000e+00
3.658968268716357386e+00,1.499734774596555198e+01,3.000000000000000000e+00
5.794935538402180342e+00,2.346928257819038244e+00,1.000000000000000000e+00
6.963369658779241078e+00,5.502841882603359380e+00,1.000000000000000000e+00
1.418494750162630069e+01,1.761884376019900600e+01,2.000000000000000000e+00
9.104822738659573034e+00,2.428678899431879756e+01,2.000000000000000000e+00
-2.091756219010540718e+01,1.411721440102782665e+01,3.000000000000000000e+00
2.779730144580611295e+00,5.529771596033838499e+00,1.000000000000000000e+00
-1.869944788754153819e+01,2.932802905474961719e+01,2.000000000000000000e+00
2.671326356869635532e+01,1.630309791017726084e+01,2.000000000000000000e+00
3.271490301280680768e+01,1.505069229963655886e+01,2.000000000000000000e+00
4.678905704069602933e+00,5.752848146171558597e+00,1.000000000000000000e+00
4.509986894864080886e-01,7.626176600603765010e+00,1.000000000000000000e+00
-3.325651351856403437e+01,1.766601732505090183e+01,3.000000000000000000e+00
-2.459430417716154693e+01,3.099831030952872268e+00,3.000000000000000000e+00
-1.589141439912260267e+01,1.422542827631590434e+01,3.000000000000000000e+00
1.134121747593625606e+01,1.326586522662090672e+01,2.000000000000000000e+00
-7.668754112356357844e+00,-2.175057599932079810e-01,1.000000000000000000e+00
-1.380177002325404345e+01,2.477764382508207319e+01,2.000000000000000000e+00
-1.067509896733240993e+01,1.337422048125211838e+01,3.000000000000000000e+00
1.208541354771688603e+01,1.928303579254710343e+01,2.000000000000000000e+00
3.133425531838511446e+01,7.458289733330769167e+00,1.000000000000000000e+00
1.879716625340605773e+01,1.415401403883498688e+01,2.000000000000000000e+00
5.256676691098379095e+00,6.385206498829462340e+00,1.000000000000000000e+00
-2.357056466938002615e+01,-2.089095955112711955e+00,1.000000000000000000e+00
-1.435886722650569958e+01,1.124007606538547144e+01,3.000000000000000000e+00
-2.810155343591880239e-01,1.939607118598027569e+01,2.000000000000000000e+00
-8.243489106938048039e+00,1.106379871190147313e+01,3.000000000000000000e+00
-2.497784370348256999e+01,9.278538073734932112e+00,3.000000000000000000e+00
2.183336730388854718e+01,1.340889437527598282e+01,2.000000000000000000e+00
-1.373125367508214723e+01,-3.498963929606578205e+00,1.000000000000000000e+00
4.705505861176764881e+01,1.187817571034131348e+01,2.000000000000000000e+00
-1.791473459169568727e+01,1.637644141003932852e+00,1.000000000000000000e+00
1.084926479520780340e+01,1.945180755493331048e+01,2.000000000000000000e+00
3.784518591376537699e+01,1.349986091113320441e+01,2.000000000000000000e+00
1.777653602375490038e+01,2.047789601228681633e+01,2.000000000000000000e+00
3.731752207882333039e+01,1.026454550556160328e+01,2.000000000000000000e+00
-1.263502446699650683e+01,-1.930226334261526233e+00,1.000000000000000000e+00
-1.052265733565360462e+00,4.557493409312199262e+00,1.000000000000000000e+00
-1.593148448164603614e+01,1.131709065848069962e+01,3.000000000000000000e+00
5.575676093436531033e+00,3.726443635179687242e+00,1.000000000000000000e+00
-1.472362946444998499e+01,-1.668016186313568738e+00,1.000000000000000000e+00
9.463001140408669798e+00,3.218249540075611481e+00,1.000000000000000000e+00
2.060229528500303786e+01,1.741284042257839459e+01,2.000000000000000000e+00
-4.729014928977780308e+00,2.637954300382534534e+00,1.000000000000000000e+00
3.195761485806853130e+01,1.733496915221416401e+01,2.000000000000000000e+00
-2.073508209302260497e+01,4.333950799796942199e+00,3.000000000000000000e+00
-1.356909490926167017e+01,6.222451657465288832e-01,1.000000000000000000e+00
9.460850512953660640e+00,1.709437767503112049e+00,1.000000000000000000e+00
1.092142649573201574e+01,9.495559959179487919e+00,1.000000000000000000e+00
4.598108727570219045e+00,2.151263856142971065e+01,2.000000000000000000e+00
2.856166684893097596e+01,1.605702214008204720e+01,2.000000000000000000e+00
2.720720026951344295e+01,1.795298287272169091e+01,2.000000000000000000e+00
-2.153498888140293133e+01,-1.735634514665534311e+00,1.000000000000000000e+00
9.458900167707737339e+00,9.794218848793692089e+00,1.000000000000000000e+00
-9.319014691917644200e+00,9.459321780333336704e+00,1.000000000000000000e+00
-9.081879978432883860e+00,1.318653428013195317e+01,3.000000000000000000e+00
4.127310336096604715e+01,1.175900689571231261e+01,2.000000000000000000e+00
-6.899569157956046084e+00,1.476431280361214782e+01,3.000000000000000000e+00
2.797120441229999699e+01,1.119337543355442577e+01,2.000000000000000000e+00
4.947179947022166857e+01,5.728095477515955380e+00,2.000000000000000000e+00
2.431437246021212673e+01,1.465268816391188267e+01,2.000000000000000000e+00
-1.125421895369054681e+01,6.259740568999937693e+00,1.000000000000000000e+00
7.477715166123998225e-01,2.731065861708744436e+00,1.000000000000000000e+00
-9.686326442596124409e+00,2.778832932886299290e-01,1.000000000000000000e+00
2.508122728892609388e+01,1.832960462592059159e+01,2.000000000000000000e+00
6.824188421384773662e-01,9.418381484337285059e+00,1.000000000000000000e+00
-4.223553161982707138e+00,5.016138597834772561e+00,1.000000000000000000e+00
-5.011044743120603329e+00,-4.855470352016283186e+00,1.000000000000000000e+00
2.059851189961525719e+01,1.803423721787721590e+01,2.000000000000000000e+00
-5.657253068217467984e+00,1.357875017536746398e+01,3.000000000000000000e+00
-4.264619218361133335e+00,6.280627015604171248e+00,1.000000000000000000e+00
-2.911962962390980181e+00,8.766273121633318510e+00,3.000000000000000000e+00
1.245030497723675644e+01,1.503476467327547716e+01,1.000000000000000000e+00
-1.652638210710531652e+01,1.468813481388346887e+01,3.000000000000000000e+00
-1.002782073556614506e+01,1.278381724276798526e+00,1.000000000000000000e+00
1.154757561993081971e+01,7.720259444208537047e+00,1.000000000000000000e+00
3.092505879512295763e+01,1.381613610856174290e+01,2.000000000000000000e+00
2.220847218217374675e+01,1.710423390617687645e+01,2.000000000000000000e+00
6.608707589343233657e+00,8.567192700240475745e+00,1.000000000000000000e+00
-2.167452546999552965e+01,2.267853767577605595e+01,3.000000000000000000e+00
-1.613143569577588821e+01,1.296180150123693409e+01,3.000000000000000000e+00
-1.104382556809430582e+01,6.297589848889067810e+00,1.000000000000000000e+00
2.367204688104381916e+01,1.447089459473335538e+01,1.000000000000000000e+00
1.931372242710537979e+00,1.758787668925467784e-01,1.000000000000000000e+00
3.876513867701685001e+01,1.208311459292569445e+01,2.000000000000000000e+00
-6.200301959294524323e+00,3.164266050349854531e+00,1.000000000000000000e+00
1.758408892491000586e+01,1.618646273914925438e+00,1.000000000000000000e+00
1.080706935510090894e+01,2.185298541540761619e+01,2.000000000000000000e+00
-1.714450129880568952e+01,1.188938058400377606e+01,3.000000000000000000e+00
-2.570398725421939901e+01,1.671874143317869610e+01,3.000000000000000000e+00
8.003177429018249356e+00,2.802545457244051796e+00,1.000000000000000000e+00
-2.319110595481562598e+01,2.058099910623883844e+01,3.000000000000000000e+00
-2.606957021381981221e+01,1.421116983737448791e+01,3.000000000000000000e+00
2.612178985349482474e+01,9.478016171344972207e+00,1.000000000000000000e+00
8.643207048413998450e+00,2.192630226715166231e+01,2.000000000000000000e+00
2.095007718200796276e+01,1.639529506498319478e+01,2.000000000000000000e+00
2.951934869376968607e+01,1.233448348492998470e+01,2.000000000000000000e+00
1.649533609263376022e+01,1.682339781108589349e+01,2.000000000000000000e+00
1.841755716696653522e+01,1.967287959634645489e+01,2.000000000000000000e+00
-2.553323627360144599e+01,1.513667256461197397e+01,3.000000000000000000e+00
1.851650571500075060e+01,8.516503790469442947e+00,1.000000000000000000e+00
2.158894890281658263e+01,1.881833455965518453e+01,2.000000000000000000e+00
1.555321251791741854e+00,-2.000057834610780461e+00,1.000000000000000000e+00
-7.833307830658419846e+00,4.643228399638464232e+00,3.000000000000000000e+00
-9.069188731931438596e+00,5.933781706398262301e+00,1.000000000000000000e+00
-1.312059183545926011e+01,7.886091541932363391e+00,3.000000000000000000e+00
1.843100976265599655e+01,1.678534126949878669e+01,2.000000000000000000e+00
1.807169547147672262e+01,1.966496595855759111e+01,2.000000000000000000e+00
-1.672673350075324450e+01,8.120418906345314269e+00,3.000000000000000000e+00
-9.510075473285386494e-01,1.778561997289771313e+01,3.000000000000000000e+00
1.066073775298047144e+00,1.399185901046728020e+00,1.000000000000000000e+00
-2.177265324331674634e+01,-8.705666824179756347e-01,1.000000000000000000e+00
2.087747938934253611e+01,1.758354395541570980e+01,2.000000000000000000e+00
-1.763225043844396822e+01,-4.350293831226666796e+00,1.000000000000000000e+00
-2.180987854327231190e+01,6.102069617471111762e+00,3.000000000000000000e+00
5.658039560417133629e+00,1.708954797989215280e+01,2.000000000000000000e+00
7.312212983163821178e+00,1.082966648906111118e+01,1.000000000000000000e+00
-7.372716182318478140e+00,6.600713769166999256e-01,1.000000000000000000e+00
-9.802247957761302644e+00,1.663987261156475217e+00,1.000000000000000000e+00
-1.328241584643801332e+01,9.996039356335076675e+00,3.000000000000000000e+00
3.398267210625853352e+00,1.174099818394833683e+01,2.000000000000000000e+00
-1.881859570643613822e+01,2.867094236346492409e-01,1.000000000000000000e+00
5.208590219307459357e+00,5.704079475281149669e+00,1.000000000000000000e+00
2.120528052695709320e+01,1.101378048424773048e+01,2.000000000000000000e+00
-2.540583693667537446e+01,8.563195969213964531e+00,3.000000000000000000e+00
5.946460154448187652e+00,1.940388542867778909e+01,2.000000000000000000e+00
-3.111782541949703074e+01,1.494888056252976227e+01,3.000000000000000000e+00
2.928271199544862924e+01,1.408535653514460506e+01,2.000000000000000000e+00
2.772467320270173730e+01,1.228292705141168817e+01,1.000000000000000000e+00
8.631889429900112987e+00,1.414475881672665025e+01,3.000000000000000000e+00
5.866650267655266759e-01,1.232062397750734029e+01,3.000000000000000000e+00
-1.009139250182902536e+01,1.066324650322484047e+01,3.000000000000000000e+00
-1.246791208815577079e+01,1.707856379244675082e+01,3.000000000000000000e+00
2.608040614986221328e+01,1.500212636942911715e+01,2.000000000000000000e+00
-1.902056273109228357e+01,1.492478634368942281e+01,3.000000000000000000e+00
-1.010579923124971202e+01,1.558262615037665988e+01,3.000000000000000000e+00
8.556474296990382200e+00,1.362087664720995051e+01,2.000000000000000000e+00
3.027798136572440058e+01,1.454122076354930826e+01,2.000000000000000000e+00
6.421335895566816276e+00,1.125428279418142452e+01,3.000000000000000000e+00
3.738456442291840887e+01,1.255153076795176936e+01,2.000000000000000000e+00
-2.572539271763982072e+01,8.686062769083251922e+00,3.000000000000000000e+00
-1.684562907156950473e+01,8.365324837524291013e+00,1.000000000000000000e+00
9.705031580541582770e+00,1.540826643583875111e+01,2.000000000000000000e+00
1.583521907277117791e+01,1.305417198652458133e+01,2.000000000000000000e+00
-2.041884092388591654e+01,-9.760895259244986022e-01,1.000000000000000000e+00
2.171209040580215444e+01,1.804165691200900667e+01,2.000000000000000000e+00
1.886882244384795726e+01,1.645651969204524434e+01,2.000000000000000000e+00
-4.580655831897649799e-01,8.307020069695568054e+00,1.000000000000000000e+00
-1.259051632461486747e+01,1.078809734917944851e+01,3.000000000000000000e+00
-1.447006883363506446e+01,1.134713069977091493e+01,3.000000000000000000e+00
2.769549699253833097e+00,1.694323984527273197e+01,3.000000000000000000e+00
2.282995045075546159e+01,1.917454966122014426e+01,2.000000000000000000e+00
4.398877322663155098e+01,1.274022797486991365e+01,2.000000000000000000e+00
-8.343266027013161334e+00,1.354397267129824733e+01,3.000000000000000000e+00
1.374532621161261758e+01,1.904570904287574251e+01,2.000000000000000000e+00
-2.383521432275944818e+00,1.858659091929747831e+01,2.000000000000000000e+00
-1.018839620986217831e+01,-3.051419630789311555e-01,1.000000000000000000e+00
1.045783555997630287e+00,1.805928249963548637e+01,3.000000000000000000e+00
2.490805667325554751e+01,1.054614778834048749e+01,1.000000000000000000e+00
-5.907947314352495205e+00,-2.529705304525414533e+00,1.000000000000000000e+00
-1.670724273927215364e+01,1.130079219546101399e+01,3.000000000000000000e+00
6.686095737205507206e+00,6.870514784374815775e+00,1.000000000000000000e+00
1.630081049516217462e+01,2.169051143816070493e+01,2.000000000000000000e+00
-9.389451408236821450e+00,1.186869438899279317e+00,1.000000000000000000e+00
-3.732364772927043717e-02,1.093041426868192545e+01,1.000000000000000000e+00
-2.060462923565451021e+01,6.014215329920956421e+00,3.000000000000000000e+00
-4.685315825637322007e+01,-3.894794665205635553e+00,1.000000000000000000e+00
8.814494658929586279e+00,1.670257520721529687e+01,3.000000000000000000e+00
-7.541549751596974716e+00,1.141135497005377175e+01,3.000000000000000000e+00
-1.803989062562590107e+01,1.319531692474636664e+01,3.000000000000000000e+00
-2.340555243739398605e+01,5.804848511349518958e+00,3.000000000000000000e+00
1.227707621285978234e+01,1.901016424725511200e+01,2.000000000000000000e+00
1.681289350662782311e+01,1.413193255916230839e+01,1.000000000000000000e+00
1.008467539629675791e+01,9.707820121561764992e+00,1.000000000000000000e+00
2.114807190922737234e+01,1.015572209644901669e+01,1.000000000000000000e+00
-7.985359315013556447e+00,1.817649234858597040e+01,3.000000000000000000e+00
3.351682573878537141e+01,1.369423338953617630e+01,2.000000000000000000e+00
-9.897461398839709545e+00,8.281265127988426400e+00,3.000000000000000000e+00
-2.987017823028679686e+00,1.895833858346260570e+01,2.000000000000000000e+00
3.549989712337186631e+01,1.220606352968511565e+01,2.000000000000000000e+00
1.403986256580659742e+01,1.936041621993229356e+01,2.000000000000000000e+00
2.213432412851994258e+01,1.791938556128686244e+01,2.000000000000000000e+00
-2.307175906831479040e+01,1.503547906254245525e+01,3.000000000000000000e+00
-9.041550334153908963e+00,-5.176946627516674226e-01,1.000000000000000000e+00
-1.643272921209414150e+01,-1.491204613412680402e+00,1.000000000000000000e+00
-1.461723092494202803e+01,1.154819460893502381e+01,3.000000000000000000e+00
-8.506660630526138078e+00,-3.171834934732320477e-01,1.000000000000000000e+00
-1.255830793199282169e+01,1.443115620923950626e+00,1.000000000000000000e+00
-3.373832452635737411e+01,-3.823784395855152951e+00,1.000000000000000000e+00
-3.135555131314080768e+01,-3.691610689327060157e+00,1.000000000000000000e+00
4.330305607700476855e+01,1.186987965362235364e+01,2.000000000000000000e+00
2.716456867211254078e+01,1.299120141799655670e+01,1.000000000000000000e+00
1.925557126688561738e+01,1.428622300174507309e+01,2.000000000000000000e+00
-3.270799327439130622e+01,-1.049336537356621513e+01,1.000000000000000000e+00
-1.330887135357623841e+01,8.106366154433786164e+00,3.000000000000000000e+00
-1.976892204122837171e+01,1.722399349547447400e+01,3.000000000000000000e+00
2.010845333463385742e+01,1.710011640646127518e+01,2.000000000000000000e+00
1.242588908616337484e+01,7.120433939844806659e+00,1.000000000000000000e+00
2.133111236888485962e+01,1.660410513260027088e+01,2.000000000000000000e+00
4.269991924824604546e+00,1.642020998309973834e+00,1.000000000000000000e+00
-1.604243254829007537e-01,5.878286181998779725e-01,1.000000000000000000e+00
-2.005287782446243483e+01,1.440777357004026094e+01,3.000000000000000000e+00
1.899163956592034097e+01,1.534336088902791317e+01,2.000000000000000000e+00
-1.482138200371529102e+01,7.019540119355885288e+00,3.000000000000000000e+00
-4.055142921149982982e+00,6.973216528138794779e+00,1.000000000000000000e+00
3.178301008286331353e+01,1.569313352987661325e+01,2.000000000000000000e+00
-1.557909887552703587e+01,1.173201811342049794e+01,3.000000000000000000e+00
9.185929653626955016e+00,1.400784914446508012e+01,1.000000000000000000e+00
-1.482071289676479253e+01,1.065943143071569033e+01,3.000000000000000000e+00
3.294790145636307344e+00,7.448623424436402019e+00,1.000000000000000000e+00
-1.360813320497117473e+01,2.253079774256485734e+01,2.000000000000000000e+00
2.947726026759912443e+01,1.245205508178336729e+01,2.000000000000000000e+00
-1.262118846638307090e+01,1.044387462145822987e+01,3.000000000000000000e+00
-2.172649334611980265e+01,-2.946448448867756476e+00,1.000000000000000000e+00
3.253567303478561712e+00,1.883832165807549330e+01,2.000000000000000000e+00
-7.916381212329220984e-01,5.513558212172543271e+00,1.000000000000000000e+00
2.305652774681045614e+01,1.391938739379056855e+01,2.000000000000000000e+00
-1.288080928175895146e+01,9.360983863107433578e+00,3.000000000000000000e+00
-5.586651568864837714e-01,1.848938542348334124e+01,2.000000000000000000e+00
2.647062534600395978e+01,1.634839240704670971e+01,2.000000000000000000e+00
-1.457903291206426033e+01,1.038148268225557658e+01,3.000000000000000000e+00
-2.697619891852744445e+01,1.710614660206633175e+01,3.000000000000000000e+00
-1.633615419928161572e+01,-2.859120204875935656e+00,1.000000000000000000e+00
1.206922446284559847e+01,1.644621640875218205e+01,2.000000000000000000e+00
-1.659945086128884029e+01,1.247019863073886015e-01,1.000000000000000000e+00
2.558501511863955358e+01,1.272389906964616912e+01,2.000000000000000000e+00
1.632760718162525038e+01,1.183405237041666425e+01,2.000000000000000000e+00
2.302248036169582690e+01,1.334707898948036942e+01,2.000000000000000000e+00
-3.159788586788502229e+01,8.458759775443184026e+00,3.000000000000000000e+00
5.625989116356985420e+01,8.052885393758291599e+00,2.000000000000000000e+00
-1.459942423334380557e+01,1.839325298862420155e+01,3.000000000000000000e+00
-8.485353101096329453e+00,1.202046071565529672e+00,1.000000000000000000e+00
-9.809826488168859271e+00,2.121496532443419269e+01,3.000000000000000000e+00
-5.309362514394321053e+00,4.336040600313199711e+00,1.000000000000000000e+00
-3.915636016800483787e+00,9.303012141438028237e+00,3.000000000000000000e+00
-2.220600840683532695e+01,4.667509007260485454e+00,3.000000000000000000e+00
7.429678423986262992e+00,2.524854612117852781e+00,1.000000000000000000e+00
-1.482423131362160262e+01,-1.044401116919834394e+00,1.000000000000000000e+00
1.326195602015980768e+01,7.184921605710233194e+00,1.000000000000000000e+00
-2.032225389102030633e+01,1.024250374005127462e+01,3.000000000000000000e+00
-1.902111283694834754e+01,-3.483116570619397834e+00,1.000000000000000000e+00
6.877145629950017991e+00,1.620405356024304666e+01,2.000000000000000000e+00
2.466691628302899986e+01,1.225879747795263519e+01,2.000000000000000000e+00
1.034576011806553097e+01,1.841261714584473808e+01,2.000000000000000000e+00
-1.290113223895034267e+01,8.180968235295233981e+00,1.000000000000000000e+00
1.701260875048305721e+01,2.008482984948718553e+01,2.000000000000000000e+00
2.843298111937308903e+01,1.701002616591251737e+01,2.000000000000000000e+00
3.432534437755278134e+01,1.588234046064493654e+01,2.000000000000000000e+00
-5.754943617383960763e-01,5.370777194734530191e+00,1.000000000000000000e+00
-1.203359490424302614e+01,5.179938877660124064e+00,1.000000000000000000e+00
1.634747956811241298e+00,8.705230249796304776e+00,1.000000000000000000e+00
7.029827103623519591e+00,5.972512735422233376e+00,1.000000000000000000e+00
2.371147608634549186e+01,1.110230881294704020e+01,2.000000000000000000e+00
2.452034460272780336e+01,1.839230582542568726e+01,2.000000000000000000e+00
-6.125785095107791456e+00,4.198880613783754434e+00,1.000000000000000000e+00
-2.859960892542038380e+01,1.156148359266065917e+01,3.000000000000000000e+00
-4.659641613488487621e+01,9.402877230393039909e+00,3.000000000000000000e+00
1.519176356153263185e+00,1.357724110219681180e+01,3.000000000000000000e+00
3.049667338237441072e+01,1.404144900536163831e+01,2.000000000000000000e+00
2.976176091093746123e+01,1.448685624191347721e+01,2.000000000000000000e+00
-2.239560699596953697e+01,1.547526591920871475e+01,3.000000000000000000e+00
-1.347701352307767841e+01,2.980764865969217858e+00,1.000000000000000000e+00
-5.856357603488979713e+00,4.611532483114157088e+00,1.000000000000000000e+00
3.585123166715078469e+00,6.117321930690200915e+00,1.000000000000000000e+00
-2.433673943633919379e+01,1.311576594880260416e+01,3.000000000000000000e+00
-3.097689598185985460e+01,1.113223603981195353e+01,3.000000000000000000e+00
-2.305208879948652978e+01,9.588955812213331598e+00,3.000000000000000000e+00
-6.855547459709245395e+00,5.293733908968985880e+00,1.000000000000000000e+00
-1.164152990906597296e+00,1.880905875804627669e+01,2.000000000000000000e+00
2.532702218030475905e-01,1.358955354973594787e+01,3.000000000000000000e+00
-3.859968303321494432e+00,1.889408838752409636e+01,2.000000000000000000e+00
-2.276752397068099754e+01,1.035817776108704891e+01,3.000000000000000000e+00
-3.192573084552871876e+01,1.526281066553034371e+01,3.000000000000000000e+00
-7.741646830159657711e+00,3.198181425543048739e+00,1.000000000000000000e+00
-7.686806859082648380e+00,1.225046316991054240e+01,3.000000000000000000e+00
1.774487385421782903e+01,1.737984105662836143e+01,2.000000000000000000e+00
1.698196541822086658e+01,1.080592191561228432e+01,2.000000000000000000e+00
-8.630290039202781927e+00,5.770737970520093185e+00,1.000000000000000000e+00
1.263965252174590326e+01,1.107457292651024261e+01,1.000000000000000000e+00
-1.795506268697118912e+01,-1.610138789899426826e-01,1.000000000000000000e+00
1.279006690842555649e+01,1.406602224693993008e+01,2.000000000000000000e+00
-1.951646919453628115e+00,8.604167697701729622e+00,3.000000000000000000e+00
5.189527764855594860e+00,3.838340277771440157e+00,1.000000000000000000e+00
3.702780505560814284e+00,1.533681994372358304e+00,1.000000000000000000e+00
-1.382011246847505959e+01,-1.243813186191500719e+00,1.000000000000000000e+00
-6.279686600596730450e+00,1.002686710804876391e+01,1.000000000000000000e+00
-3.505579259930691194e-02,1.868700532343775933e+01,3.000000000000000000e+00
3.725148382692450078e+00,4.914483449509019053e+00,1.000000000000000000e+00
-3.909939487074662878e+00,2.087964708644022949e+01,2.000000000000000000e+00
-8.077161282438042988e+00,-2.193191145263135411e+00,1.000000000000000000e+00
-4.024040543827659633e+01,1.116030458924378266e+01,3.000000000000000000e+00
-3.476383147538903984e+00,1.051542429371388820e+01,1.000000000000000000e+00
-1.254303121309673585e+01,5.868289128650081565e+00,3.000000000000000000e+00
-3.107292191276582471e+01,1.412571647733745550e+01,3.000000000000000000e+00
2.869710954789167801e+01,1.379450627548920849e+01,2.000000000000000000e+00
-2.553978765663747907e+01,1.378521446787710225e+01,3.000000000000000000e+00
1.659770499281886558e+01,1.488571098918860969e+01,2.000000000000000000e+00
2.503346484328688959e+01,1.754309744171397867e+01,2.000000000000000000e+00
-2.492013647964359535e+00,2.439564339794593906e+01,2.000000000000000000e+00
3.049484235123405540e+01,1.530603714119574477e+01,2.000000000000000000e+00
-1.134286559594782240e+01,5.235054878798024447e-01,1.000000000000000000e+00
1.394555260943398878e+00,1.526748008133446177e+01,2.000000000000000000e+00
-5.186918215420264211e-01,5.487291213360665054e+00,1.000000000000000000e+00
-2.245502318866940072e+01,1.792034552657732860e+01,3.000000000000000000e+00
-1.616115070351551708e+01,3.572272244706228506e+00,1.000000000000000000e+00
-1.258607050561819207e+01,1.344232457541161807e+01,3.000000000000000000e+00
7.063308115387510355e+00,3.011581886119439666e+00,1.000000000000000000e+00
6.828148285299505460e+00,9.873121929194221380e+00,1.000000000000000000e+00
3.100530412171717032e+01,1.426498742775371653e+01,1.000000000000000000e+00
3.289354370771757630e+00,1.165061358061091923e+01,3.000000000000000000e+00
3.890345263320636349e+00,2.289344062365467991e+01,2.000000000000000000e+00
-2.117403057008873901e+01,1.138101775420702921e+01,3.000000000000000000e+00
2.294488100971219779e+01,1.919369624114772321e+01,2.000000000000000000e+00
-2.100965234050595853e+01,-3.718695447846968705e+00,1.000000000000000000e+00
-1.234758871539526837e+01,8.748148739722074296e+00,3.000000000000000000e+00
-3.715326560378654719e+00,8.421682325753240050e+00,3.000000000000000000e+00
1.802106762760468683e+01,1.848933818966657583e+01,2.000000000000000000e+00
-2.609638100238586134e+01,9.668919173163764924e+00,3.000000000000000000e+00
1.450341059097056728e+01,5.018944958291946534e+00,1.000000000000000000e+00
-1.752042325657797761e+01,1.757304825254690783e+01,3.000000000000000000e+00
3.907663877568186450e+01,1.456433507641965264e+01,2.000000000000000000e+00
-1.042349145384413589e-01,1.911638099432786930e+01,2.000000000000000000e+00
-4.318477578613038048e+00,1.413926320494892863e+01,3.000000000000000000e+00
-4.301105477068889904e+00,8.776844772421252827e+00,1.000000000000000000e+00
-3.536812286546782502e+01,1.141977119100836724e+01,3.000000000000000000e+00
3.015415219338761332e+01,1.379997501422881712e+01,2.000000000000000000e+00
-7.930678753406287917e+00,2.524294682483928298e+00,1.000000000000000000e+00
2.178149264912000405e+01,1.451658275556172661e+01,2.000000000000000000e+00
-4.204417150648687596e+00,1.749778676157954038e+01,2.000000000000000000e+00
1.631441589128394298e+01,3.850989142159783718e+00,1.000000000000000000e+00
1.556420962732902957e+01,6.069761190897704495e-01,1.000000000000000000e+00
-4.876449413157904367e+00,5.786177183340986296e+00,1.000000000000000000e+00
7.403420534182441060e+00,-1.964670786179427253e+00,1.000000000000000000e+00
4.143925240327966009e+01,1.197570997063318643e+01,2.000000000000000000e+00
3.572955177751341971e+00,3.679465666468347607e+00,1.000000000000000000e+00
-3.124944365296900628e+01,1.092690050448142536e+01,3.000000000000000000e+00
8.708079070076262251e-01,1.038095279513943225e+01,1.000000000000000000e+00
-2.514326121974924177e+01,5.400513992142852437e+00,3.000000000000000000e+00
2.020793650535580710e+01,1.771317805332998319e+01,2.000000000000000000e+00
2.181429715608086894e+01,1.634264636206911803e+01,2.000000000000000000e+00
2.534377094013942511e+00,1.087663138951537434e+01,1.000000000000000000e+00
2.330875018269400556e+01,1.401331128005033833e+01,2.000000000000000000e+00
1.509606757404459376e+00,9.496380070516142524e+00,1.000000000000000000e+00
-1.779391799306600674e+01,8.638780906225216327e+00,3.000000000000000000e+00
2.342647421614399406e+01,1.428881057983255864e+01,2.000000000000000000e+00
1.668246799718467699e+01,9.231029522100939744e+00,1.000000000000000000e+00
-5.023049713092646584e+00,2.337749363500617150e+01,2.000000000000000000e+00
3.450931658725119178e+01,7.878350154994709698e+00,2.000000000000000000e+00
4.837066851420113167e+00,1.405922410656427424e+00,1.000000000000000000e+00
4.160616104199003473e+01,1.506335976532169951e+01,2.000000000000000000e+00
4.241147214581464198e+01,1.203490353485617703e+01,2.000000000000000000e+00
-2.420575954673636332e+01,1.470710179936248529e+01,3.000000000000000000e+00
-7.821630703926663486e+00,9.379335003929941905e+00,3.000000000000000000e+00
1.083127046106741176e+01,2.131835184948450745e+01,2.000000000000000000e+00
-5.044561804439369190e+00,2.040271449344901455e+00,1.000000000000000000e+00
1.431594287845306113e+01,1.751568197126318793e+01,2.000000000000000000e+00
-2.166269202738247657e+01,1.669210107930538456e+01,3.000000000000000000e+00
-1.407821666239644642e+01,1.093400946355332515e+01,3.000000000000000000e+00
1.182668391518529916e+01,5.316948443005342639e+00,1.000000000000000000e+00
-1.920256738048473011e+01,2.913851894899556427e+00,3.000000000000000000e+00
2.230534561394996729e+00,7.078293546504204059e+00,3.000000000000000000e+00
1.048445946181257682e+01,2.064621172114691205e+01,2.000000000000000000e+00
-2.544693944178824552e+01,1.020789662535922737e+01,3.000000000000000000e+00
-1.019287085704948659e+01,6.588092643198403486e+00,3.000000000000000000e+00
4.814135301624676089e+01,5.892685988770704597e+00,2.000000000000000000e+00
4.309031590929399158e+01,1.208359349907728486e+01,2.000000000000000000e+00
-2.273227188374933050e+01,-6.267421240252923909e-01,1.000000000000000000e+00
-5.245292170045434688e-01,1.476238093337366308e+01,3.000000000000000000e+00
-1.195810979811763275e+01,1.246767989689666400e+01,3.000000000000000000e+00
1.355747045467900769e+01,5.277442648724635532e+00,1.000000000000000000e+00
-5.267123036643155398e-01,7.042251574977383299e+00,1.000000000000000000e+00
2.342061395023632286e+01,1.331180162278056578e+01,2.000000000000000000e+00
-1.944385598420662475e+01,9.989243415538469506e+00,3.000000000000000000e+00
2.997784362699026595e+00,3.989586348685658201e+00,1.000000000000000000e+00
-3.495026870317143164e+01,1.037498469713486493e+01,3.000000000000000000e+00
-1.756267239915675660e+01,1.040532442317953254e+01,3.000000000000000000e+00
3.149847091771473373e+01,9.190326986531871967e+00,2.000000000000000000e+00
2.281698112080629670e+01,1.711122086405925913e+01,2.000000000000000000e+00
4.470079223741763030e-02,1.856063634660265294e+01,2.000000000000000000e+00
3.687512349523245803e+01,1.566271702247367514e+01,2.000000000000000000e+00
-9.669153363131939294e-01,6.469635362989748728e+00,1.000000000000000000e+00
1.324604000269538595e+01,1.332834887855862682e+01,2.000000000000000000e+00
-1.969062627057140702e+01,1.674857886802120532e+01,3.000000000000000000e+00
-2.381952896435374711e+01,1.108371702598196151e+01,3.000000000000000000e+00
1.573705097109971263e+01,1.540244039536202258e+01,2.000000000000000000e+00
-9.959974284450680670e+00,8.674022571517090441e-01,1.000000000000000000e+00
-2.216615261744517085e+01,-1.551177598647578648e+00,1.000000000000000000e+00
-2.176249655274409278e+01,2.104026109184428961e+01,3.000000000000000000e+00
1.883769179481602407e+01,1.700007417823169575e+01,2.000000000000000000e+00
-2.606691625679754409e+01,1.373014856219764646e+01,3.000000000000000000e+00
-1.748418984210991667e+01,1.687081346910666824e+01,3.000000000000000000e+00
2.706570779694316542e+01,1.569151698252880145e+01,2.000000000000000000e+00
4.812343385520820860e+00,1.533403173333244851e+01,2.000000000000000000e+00
-2.375309055132968439e+01,1.420635853828115991e+01,3.000000000000000000e+00
1.826371736228407272e+01,1.564569800634091656e+01,2.000000000000000000e+00
-4.721188935270992815e+00,4.894679781438013855e+00,3.000000000000000000e+00
-2.115763384200703001e+01,1.108253872425482278e+01,3.000000000000000000e+00
-1.988451844437015836e+01,1.223684294829879349e+01,3.000000000000000000e+00
1.805022059578564253e+01,1.418256558190804739e+01,1.000000000000000000e+00
3.653428286845458217e+01,1.664804328097248032e+01,2.000000000000000000e+00
2.932156293466202612e+01,1.234494565551237066e+01,2.000000000000000000e+00
-8.134586984504649010e+00,1.124274037877921906e+01,3.000000000000000000e+00
3.161522075202025661e+01,1.616196274199900529e+01,2.000000000000000000e+00
-8.078378803699731492e+00,1.890470238334924602e+01,3.000000000000000000e+00
-1.278776872255491348e+01,2.658442137467570632e+00,3.000000000000000000e+00
2.061068819865538870e+01,1.872267495618984512e+01,2.000000000000000000e+00
-1.462120520465239437e+01,1.749078213025571316e+01,3.000000000000000000e+00
-4.908662714365846114e+00,1.636500639419014647e+01,3.000000000000000000e+00
-1.937680004622249186e+01,1.272186161290763629e+01,3.000000000000000000e+00
1.449478414880023891e+01,1.479814076480274032e+01,2.000000000000000000e+00
-3.349377120956559040e+00,1.553140937433946611e+01,3.000000000000000000e+00
6.434685494867997679e-01,6.488567307159917696e+00,1.000000000000000000e+00
-3.140910882882979926e+00,6.981465763933767832e+00,1.000000000000000000e+00
1.356499409719799942e+01,1.017871493624278401e+01,1.000000000000000000e+00
3.292026734830661638e+01,1.604837977851024888e+01,2.000000000000000000e+00
8.249848342810283341e+00,1.709759535261964913e+01,2.000000000000000000e+00
1.400652504121306308e+01,6.577117874155353761e+00,1.000000000000000000e+00
-2.291221110810912975e+01,1.305275120808567202e+01,3.000000000000000000e+00
-5.090930093130128675e+00,-4.839187163766123234e-01,1.000000000000000000e+00
2.659101917016040773e+01,1.155569890502313513e+01,2.000000000000000000e+00
1.039281956821190889e+01,2.225417873806449620e+01,2.000000000000000000e+00
2.691847381494023494e+01,1.399028497981537278e+01,2.000000000000000000e+00
-2.524149540344398446e+01,1.453244681788609682e+01,3.000000000000000000e+00
-4.300279088632956714e+00,1.342658000862606471e+01,3.000000000000000000e+00
