3.439756401591301938e+01,1.186788859585836953e+01
2.118297381597391649e+01,1.515873285431463913e+01
1.548032440207981786e+01,1.743665766014964902e+01
-2.830173342927384539e+01,5.923390783702794593e+00
6.757869138066915582e+00,4.373640219957978026e+00
-2.202878109282122665e+01,5.274878220394924710e+00
1.834643387287110627e+01,5.923093403948236357e+00
2.552927490938178678e+01,8.857992575635751820e+00
-3.276315690689798998e+01,3.745586751939040937e+01
1.425958215356783043e+01,1.957281598667920264e+01
-7.315609050095260635e+00,-1.073497143647597962e+00
-3.306918884025148486e+01,1.869847634308392514e+01
-1.393385983123742289e+00,1.818303735967014445e+00
3.694236243118338425e+00,-9.708644809545152743e-01
1.503308657576480556e+01,1.652924733792037770e+01
-2.969544881636399225e+01,1.476005177557742876e+01
-2.278977972226540771e+01,1.264678241221998967e+01
-9.222030486646239922e+00,1.099815686321934294e+01
-1.895918576043669646e+01,2.261918306814850510e+01
-9.432405634190663690e+00,9.330067519074741966e+00
-1.319904661713018257e+01,2.119982762378830543e+01
2.120578443878675756e+01,1.234600839736435418e+01
-1.536816746761140529e+01,1.474838305413314288e+00
-2.494317230231542126e+01,2.071144593206485496e+01
-2.769821722898836214e+01,2.721481849598005454e+01
-9.538582181349074318e+00,2.727134118365188797e+01
-8.374866053977880753e+00,-9.474549648159529269e-01
1.348879524415752940e+01,1.895662776424236995e+01
-2.404828872141168716e+01,-8.872909350838341425e+00
-2.232807046186141164e+01,-7.485349381352624398e+00
-5.500800836951377448e+00,1.957422410688242920e+01
-2.114576868387144160e+01,-4.322459188416252651e+00
-2.231734653960035786e+01,9.126517713819550792e+00
1.814897176476671348e+01,9.886309912680793843e+00
-3.312032940750947319e+01,-1.025103020019149724e+01
-7.149884161001909710e+00,-3.345339622244956068e-01
1.600841761888070636e+01,9.495634638725292120e+00
-1.654823476855489162e+01,3.002624793833324901e+01
1.901049344400516361e+01,1.263222571038486564e+01
3.060296583276363336e+01,1.067207503923807010e+01
1.259243887686913510e+01,3.055358980924316903e+00
-8.523509654757511100e+00,-5.226447897417349608e+00
1.769463359142019243e+01,1.710001587948056923e+01
-1.404307636722510999e+01,4.288101436174001435e+01
-2.455791838010140182e+01,2.665612172037504735e+01
-2.598406671172553217e+01,1.441883751790477497e+01
1.444521344574100929e+01,4.730513874887852133e+00
-1.296058644658640802e+01,1.772941217184136775e+01
1.161449294147620925e+01,2.650971942599310793e+00
-1.384393006640645574e+01,2.075524893346740996e+01
-1.662229781348165503e+01,2.342264310383876591e+01
-1.742969421404197305e+01,2.095041344405332495e+01
-5.978839627037416671e-01,3.234545299491808024e+00
1.026803329350995497e+01,2.423526163425815128e+01
-2.438985376059775945e+01,2.254122265720577190e+01
2.630683931139549969e+01,1.793710253805464561e+01
3.093859661447219978e+01,7.131244184795745511e+00
3.208864424378561608e+01,1.422477603097161136e+01
1.093443820634623620e+01,-2.547892224578588660e+00
5.777072984891372442e+00,1.889304636872554610e+01
-2.686207455403206623e+01,9.205583088904628397e+00
9.134098928249898108e+00,6.494932071084489777e+00
3.211691719375266274e+01,1.342473187873256890e+01
-4.072982964897683189e+00,-5.777874909264611780e+00
3.732550873232489863e+01,1.429030572820336964e+01
3.371137095555636165e+01,1.334382383516740056e+01
1.313764937746593198e+00,2.466856335101082376e+00
-1.831043997249168953e+01,-4.672545175599090328e+00
3.688534082925129187e+00,-2.279782564138986611e+00
2.426044779556288589e+01,1.686772377964293668e+01
6.283465034222436962e+00,4.639493828345134574e+00
-1.713142268576134342e+01,2.306889802652055366e+01
-1.989679250079284500e+01,2.102739177351864086e+01
-2.733584271314617453e+01,1.963711217251432473e+01
-2.354217670443757626e+01,-2.187765318808831960e+00
-1.065283601362774490e+01,-4.336296960867942474e-01
2.397883946084028750e+01,1.427883660405754718e+01
1.230257724243929651e+01,1.573079686517156617e+01
-2.382931511185663354e+01,1.706604035061726421e+01
7.924569741424823732e+00,6.245269230087093781e+00
-2.091609003394660604e+01,2.279549552419854308e+01
2.446535323337225520e+01,1.625960194567549522e+01
1.655501235091502377e+00,5.496639171426946913e-01
2.141396930560819456e+01,1.196516282697536937e+01
3.029545921648498563e+00,2.795926351709265401e+00
-2.977045750825337223e+01,2.364863639376468285e+01
9.277623762762832627e+00,7.571840658984544170e+00
-2.035548470553016287e+01,4.318514296383046513e+01
3.042495383392685682e+01,1.452296032137558335e+01
-6.237391513917240005e+00,1.591246225762943567e+01
-3.346750129117229022e+01,6.716173224831663902e+00
-1.828163351279498627e+01,1.785906213505790063e+01
1.249111806943989222e+01,1.868264182312871213e+01
-3.053385769995627896e+01,1.693864843689740951e+01
-2.753843271682281113e+01,2.025202079140385791e+01
-1.313509441200211292e+00,1.340304560063075634e+00
4.449732708364400935e+01,1.630353794851073701e+01
-1.356040444647099719e+01,3.257542060305042497e+01
-4.662927892830276422e-02,-1.171907635941938919e+00
1.676677510466294763e+01,3.713401397530829318e+00
-1.977910097501996844e+01,1.367169147327747680e+01
2.525611496919390575e+01,1.299829035344631123e+01
-3.318809896250844549e+00,-9.417950518697567608e-01
2.387001985304906526e+01,7.581923365851590546e+00
-7.731051873829912324e+00,1.794983015826945305e-01
1.923934238964642418e+01,1.457349295228447161e+01
-1.521471783226284913e+01,2.091179538533144466e+01
3.254879161044988312e+00,-2.500155265307762775e+00
2.520462252117112456e+01,1.548702626184482689e+01
-2.052952591270765126e+01,3.463266238806546937e+00
1.166835667249581121e+01,6.166685844723835075e+00
6.415884945497824177e+00,1.446570814899754698e+00
3.679403583967481950e+01,1.361231986558759033e+01
1.707060282026326448e+01,1.957212659481027472e+01
-3.090352780512986541e+01,1.939282443865626249e+01
2.758735381357954353e+01,1.302397259473463009e+01
-2.590692249042466955e+01,1.405517001982507708e+01
-2.056269671549402744e+01,2.887959506419897338e+01
1.842138411239187690e+01,1.281692063398769577e+01
-7.386223028647560973e+00,3.411839672749583663e+00
-5.628377414669530232e+00,-1.624043463565568945e+00
1.377111264586856976e+01,5.787381936120558734e+00
1.089970188324165434e+01,5.248404847901408488e+00
1.417281221392812895e+01,-8.875853362862318185e-01
2.533267551974920906e+01,1.513385534387388276e+01
3.993256361922473463e+00,9.016071568864125751e-01
-1.909187014525539183e+01,-3.381577131976231332e+00
2.379754952880060159e+01,1.605139622256698573e+01
2.289486946606089646e-02,2.000642089688856728e+01
-1.796543524949624882e+01,2.766049894624904582e+01
1.729243663064356440e+01,-4.140006247251237781e-01
-2.954043909701373849e+01,9.737659692580468374e+00
-2.092532519824653292e+01,7.281676893344313228e+00
-2.236088759679398308e+01,1.849584407358342730e+01
-2.051906549091752296e+01,2.580775945005679262e+01
5.733578578154549632e+01,7.698451769589841120e+00
-4.962701707659009642e+00,1.179572492849356724e-01
3.295837129231283313e+01,1.380808374756276180e+01
1.150644041244426319e+01,1.212950803382938814e+00
-9.059275797411986630e+00,-2.450289825509240238e+00
2.959803805934021526e+01,1.683056640770958623e+01
-1.422019279935278746e+01,1.429008249391447549e+01
2.333765168283261104e+01,1.533175256470676473e+01
-1.481181770150309163e+01,1.642222831494653335e+01
-2.768427069916523919e+01,1.388362163250181602e+01
1.300085113861190322e+01,3.616355345255136911e+00
-2.344034490859210251e+01,2.466165232854316258e+01
1.029723661957952707e+01,1.792312303567190668e+01
-1.744030992243598632e+01,1.348026331951292889e+01
-1.113001927458123141e+01,1.954571922419662044e+01
2.139464234455417468e+01,1.551364449058502437e+01
4.579103275404675344e+01,1.014932698695080049e+01
-1.515193471364169397e+01,1.909929732198285279e+01
3.181797310573880111e+01,1.646217243149848031e+01
1.895548264951626294e+01,1.461239130416987564e+01
-2.066398575687453842e+01,2.791065899633179370e+01
-8.876360427497306915e+00,-2.309436129225398204e+00
-1.905524540319886029e+01,1.479380538291523450e+01
-9.416058731867561704e+00,1.005075846598018963e+00
1.043420633704805844e+01,1.775443452116951804e+01
1.378593598011606858e+01,3.830108062236682986e+00
-2.558462055650742428e+01,2.744920306105868946e+01
-2.271071916755537856e+01,1.397620600854406447e+01
-1.550546008548725263e+00,4.520340594605468887e+00
1.171678247028114939e+01,4.112717281051865292e+00
3.150068542726978293e+01,3.175832929611368982e+00
-1.027464309662513919e+01,2.703209102573588396e+01
-2.243667827371158552e+01,3.008298019630109366e+01
-2.316823272300978331e+01,-5.572568831831270053e+00
-2.366972106835380174e+01,-8.549733576328364393e+00
-2.269072606883546328e+01,1.954586186592533892e+01
-5.208752179284123152e+00,5.055550979758166363e+00
-6.388083033316622750e-01,1.997690456872178499e+00
-1.476823184943275535e+01,-3.610638248884094015e+00
-2.411544441247222537e+01,2.568389636643254903e+01
4.449737534443222842e+00,-5.297978484118372577e+00
-2.285014860903971723e+01,1.912991399265218462e+01
3.354598719008256236e+00,1.429931755738926835e+00
-2.160343778838602091e+01,2.124435549555742853e+01
-8.827350858395837108e+00,2.193412289131276438e+01
1.123409151824143137e+01,1.247631536772737082e+00
-1.458899260198982439e+01,-1.255368352845530389e+00
9.793937555378271043e+00,5.080409488834062515e+00
3.702744128693083780e+01,1.561771808396849259e+01
1.410277200677402831e+01,-1.803796428593742895e+00
4.824629995644366787e+00,1.778546139685314742e+01
-4.822867093973462360e+00,-4.677500289258981425e+00
-1.232936814390305713e+01,-2.285888722271423035e-01
-8.046333755567655288e+00,-4.604797699169841607e+00
4.563159586617913277e+01,9.773487445979847976e+00
-3.701333036357039141e+00,8.643019832862353091e-01
-1.759631749300344694e+01,2.191576258212973194e+00
-1.858348583699191892e+01,2.858405086717301913e+01
-2.474873931779092118e+01,9.708523993221202630e+00
-1.400878411462760198e+01,1.857297926131233012e+01
1.087089914013300884e+01,4.664174934820869645e+00
4.620206672411712390e+01,1.023257915385597983e+01
-1.213193832860242338e+01,-3.604842845168025889e+00
1.320285446914455108e+01,2.026194108298238206e+01
-1.936264458746132533e+01,7.078457642441966513e-01
3.160821309685702118e+01,1.661705693022695485e+01
-1.285538174037948878e+01,-8.661598317254927792e+00
-2.124703070199718624e+01,3.776223900952299317e+00
-2.519293522941575603e+01,7.771146831295798307e+00
6.529114109987423475e+00,2.202882149355150432e+01
-7.909429329819776200e+00,1.963161234177583037e+00
3.212810790603865208e+00,9.995672504143533477e-01
1.976341086104180889e+01,1.788384787645788876e+01
-7.187906157394886586e-01,-2.135865715883767724e+00
-2.647803306176470528e+01,1.132610060286245002e+01
-3.112956534622128402e+01,1.608770771308489245e+01
1.714494926348525183e+01,1.734731745343320242e+01
2.242664325516646073e+01,1.366976659265361249e+01
4.509473865672739556e+00,-1.100616519358162293e+00
9.867571090995763683e+00,1.905102755751184773e+01
-2.496323479403116608e+01,2.020098187416206770e+01
1.010078889931615187e+01,1.834368534515645877e+01
-1.629792848083737766e+01,2.082596719893476944e+01
3.195124663257039188e+01,1.481159219226094415e+01
-8.951780032473422022e-01,2.347606775431041015e+00
-2.918574742096038932e+01,9.976680849108435112e+00
8.620222046131425842e+00,2.297739472365087465e+01
-1.639575942985747048e+00,2.386114709775535658e+01
1.480899015393611329e+01,1.532364360262423020e+01
-1.547073462604415184e+01,2.782712464759757420e+00
2.578678004826087999e+00,1.939024382916759848e+01
-1.196352560721173575e+00,2.457563759231538825e+01
-1.966591446113443808e+01,2.117420298492022113e+01
1.395725949266365085e+01,5.430342680920851706e+00
-2.695235920291607457e+01,2.267013070823957221e+01
-3.573454882871926142e+00,-1.032166632629539782e-01
-2.884925168916994309e+01,2.022696406131936087e+01
-2.006408425277918184e+01,1.819943378063793915e+01
-1.706257638937747245e+01,4.006794582065721144e+00
-2.882243496686087880e+01,-7.687665279903790783e+00
-1.133240382461501028e+01,-6.433619351547307019e+00
2.696956625289063680e+01,1.980429521159714668e+01
-1.462295623714836124e+00,-1.128744763882624902e+00
1.982373545602051479e+01,2.033616055425739688e+01
2.006052557392141722e+01,1.364392389754992685e+01
-2.604658926101723182e+01,-1.101269168735363024e+01
3.557154138263702947e+01,1.621717652952430200e+01
3.138862721848591875e+01,1.456819902583831805e+01
-1.372765011119467182e+01,8.055619488245380211e-02
8.896560122363620593e+00,1.806801066137676415e+01
-1.231893421204226513e+01,-1.430694341256559143e+00
1.694193575120254991e+01,1.911968398689418436e+01
3.530010647056539597e+01,1.188458115411173921e+01
1.873486190958771402e+01,1.223504738998534691e+01
-2.493290469577740609e+01,2.497737179081706671e+01
-9.054724925414031844e+00,-4.996917694548912436e-01
5.939979067735652762e+00,1.289890896308392598e+01
-1.393575471538056476e+01,1.215273795270022816e+01
-1.495010670229279626e+01,1.747214866324414473e+01
-6.743972328763788049e+00,-1.787079456130540311e+00
-2.253011386619635203e+01,1.521452891832911902e+01
3.437544659493618759e+00,-7.630442582153376119e-01
1.190144895211257392e+01,1.756769863220472061e+01
-1.283810769314612621e+01,2.004463546343092517e+01
9.057836766717420218e+00,1.500735396135627120e+00
8.095787369353660168e+00,1.483545778518048053e+01
2.182882314554611014e+01,1.059755180115980444e+01
1.045211187586640200e+01,1.773267044863538899e+01
-6.562463139178929872e+00,-7.447459546644011219e+00
-1.479857654900375685e+01,3.153976965281001554e+01
-2.051946515993748221e+01,1.941708836211834566e+01
-1.540789049777927211e+01,-1.667189055471938630e+00
-2.004979864992694516e+01,1.422238149983331468e+01
1.053919048046127926e+01,1.979735886347129536e+01
-2.369636248652221866e+01,3.335634447782386758e+01
-2.209147709270847315e+01,1.116479227694468790e+01
-2.667190241242449744e+01,1.742010679835738429e+01
3.775397080673644723e+01,1.214726876385077858e+01
-7.365196482724780225e+00,4.812488783699599537e+00
-1.114871028017025623e+01,3.101283050303020161e+01
3.981130436357188529e+01,1.325619982994362012e+01
-1.355729490898952605e+01,3.157535533606823464e+01
4.231335434372437021e+01,1.360123747082058721e+01
-3.216395684294457169e+01,2.158082683514750144e+01
-3.671613780019983841e-01,-1.959393624418367175e+00
9.446130711589333373e-01,1.692961706552996759e+01
-2.349109138525066243e+01,1.458338884403247171e+01
-6.936994608786765326e+00,-5.150405790589469568e+00
-2.254381051788589829e+01,1.916282863021733007e+01
4.817153819782394208e+01,6.619661155681534126e+00
4.515482061037602080e+00,1.664029617297839536e+01
2.562593820342405593e+01,1.180925816154682906e+01
3.488537202109419866e+01,1.426807808445393455e+01
-1.179527576018831780e+01,3.896830610445455534e+01
-2.461647358719227086e+01,-7.899342369063120373e+00
4.993042460776935698e+00,2.072340049834394193e+01
-2.429673673630619035e+01,3.619471112753853248e+01
1.397600457720699296e+01,1.903679910755874971e+01
2.434913613288393464e+01,2.283460932760729989e+01
3.468301466918457976e+01,1.202023866273157537e+01
8.764062436315816385e+00,1.878149186954620831e+01
1.204403314087529964e+01,1.806369215548027185e+01
-5.169005399051023630e+00,-6.775385327356111986e+00
-2.852658832858357840e+01,9.577117402488770637e+00
-1.712471784314747580e+01,2.141745821506783187e+01
4.564663781205203463e+01,9.802903154721299472e+00
-2.145311530961662783e+01,1.370060049678007985e+01
-8.335474231771350162e+00,-4.701642069923383183e+00
2.783035324758979101e+01,1.263597637817881036e+01
3.245264928348022693e+01,1.489715107441186071e+01
3.562906135731704893e+00,-6.953907599094735215e-01
-1.475093732652541512e+00,-1.296710618125770820e+00
4.615829998035385628e+00,2.582527683599172619e+00
-2.670409892271458219e+01,3.389089250631019468e+01
8.791553258844988505e+00,5.272120671726439056e+00
1.276676083971074505e+01,8.418125719553135156e+00
-1.984554751789834981e+01,1.675889599213568459e+01
3.751307843037999135e+01,1.126042210072510485e+01
5.305262048542051190e+00,2.205809600539799220e+01
-2.061462148089972501e+01,2.008651744085975466e+01
-2.132051532528160465e+01,1.735102543353445270e+01
-1.822248031176837557e+01,2.678797056796556575e+01
-2.655627786567554338e+01,2.484913595515710227e+01
1.671998149217920471e+01,6.234784574243135147e-01
1.323788494675587479e+01,5.048733259476755997e+00
3.764856434468096591e+00,-9.976362536575836826e-01
-2.525051977358249644e+01,9.981923799717858259e+00
-2.882985956451634380e+01,8.976513010752579902e+00
-3.805773851393177143e+00,2.527914547027704018e+00
2.297477349567666138e+01,1.542805406421729408e+01
1.446407115080576489e+01,1.327782304954088666e+01
3.658179819643119401e+01,1.457435309308957372e+01
1.976440073478519821e+01,4.972877545224652529e+00
-1.637270109653403694e+01,3.039401809624907713e+01
1.289265472185298655e+01,9.224050266175193968e+00
-6.743207305012219877e+00,3.340206767561112855e+01
1.107430656704221938e+01,1.269004095050303782e+01
1.218622101059202123e+01,1.368777856429912099e+01
2.482778159187653699e+01,1.416344308151085762e+01
1.883427873813188924e+01,1.989139639474765531e+01
-1.567185311201523668e+01,1.949419056817619378e+01
-3.818732040773066672e+01,-1.116994252379105568e+01
-2.335147102698863364e+01,1.725304283841238373e+01
-1.281485459829487006e+01,-2.950346703915328384e+00
1.192212138857921744e+01,1.842247689352840467e+01
-2.908876094426645853e+00,-6.281871887057560722e-01
-1.289658864399674343e+01,3.887070519871674179e+01
-2.665417281682677242e+01,1.900762688006160417e+01
2.691467867512846723e+01,1.479352004072468851e+01
-3.921911506266858027e-01,2.628287058048374369e+00
-2.298577447844527200e+01,4.153724071631555148e+01
2.356979785102858216e+01,1.384347477712619856e+01
-1.621755048004878574e+01,1.509894149703108113e+01
-1.856269243986803019e+01,1.568682462221133100e+01
2.791986473058076257e+01,1.470738556443413536e+01
-1.792422773483993836e+01,1.761267585508559108e+01
-1.430215012606044134e+01,-7.250262509148020840e+00
-2.198570009885273890e+01,-6.905829914830106553e+00
1.470109684253140614e+01,7.440073722567286829e+00
-1.605150229711877685e+01,-2.888314556521977217e+00
-6.286425862751380933e+00,3.678406985839704646e+01
-2.104068689321357510e+01,2.197158009155669234e+01
4.551049021507091652e+01,9.268481515481276745e+00
-2.131983809848836486e+01,1.149148260373933539e+01
1.078339421398226960e+01,7.444926244885978761e+00
1.806212384364303247e+01,1.363504854950656409e+01
5.845353418375314192e+01,6.673767424860477249e+00
-1.452125066286309263e+01,2.805796379570718102e+01
-2.063951818361013935e+01,2.062142327903125150e+01
-4.121390547529169002e-01,-2.768325209932091191e+00
2.588807162139650941e+01,1.016247456355645973e+01
4.196675566512799094e+01,7.592609867130338586e+00
-1.346801020815236605e+01,3.985203178979229932e+00
4.672045427942675744e+00,2.363014526360116463e+01
-1.014448064292555607e+01,1.863739536495201676e+01
-1.949258861054586589e+01,2.712152066440215492e+01
3.343917796164880940e+01,1.384557764168262750e+01
3.198170238547502464e+01,1.164672256111762039e+01
-1.491322912497605024e+01,2.295153422530689014e+01
2.503317102174014508e+01,8.985825435212358769e+00
-8.021330338365519452e+00,-4.313614021470990600e-01
8.969900148288923347e+00,3.488718085593911944e+00
1.140413121469356561e+01,8.317079879840118650e+00
-2.268435119169469161e+01,1.662619943906689457e+01
-1.559809691498168149e+01,1.371393580644102173e+01
-1.368483022231937696e+01,1.974207031392426970e+01
-1.298848353108921039e+01,-4.351273420643522627e+00
3.036218873659385054e+01,1.061597442359513011e+01
4.751729972238000244e+01,1.014376920311936381e+01
3.425651073984428052e+01,1.405548490156111185e+01
4.787820984961457249e+00,3.978783251556316625e+00
1.970577626154653572e+01,1.855406902920583079e+01
-7.164060136053270966e+00,2.200594760298233155e+01
-2.654513352423430561e+01,3.934047991717608994e+01
1.726246145085264772e+01,-7.470697798103516085e-01
-5.925138054969719903e+00,-4.615230768204367173e+00
-2.460744789102167118e+01,3.115144674142840131e+01
-4.847818897568399343e+00,8.950100886835066216e-01
4.113803619490211361e+01,1.168008646384827998e+01
1.531716836971947693e+01,1.683489616078798434e+01
3.559173865665342618e+01,1.084739420587198744e+01
-1.108505985392356052e+01,1.012980438960664387e+01
1.557051570543642072e+01,4.735558229972011368e+00
-1.905729016207193638e+01,1.905533700946990905e+01
2.734320132988453622e+01,1.637276935562087488e+01
-1.285468297093286694e+01,2.734941142334076503e+01
-6.367527500801333673e+00,5.103348063668700085e-02
-2.153486053912128284e+01,7.093946389198739766e+00
3.027107776358200653e+01,3.616478154487686947e+00
-3.302802363894398496e+01,1.755966290878747316e+01
-2.108138456263757377e+01,2.887308244456556139e+01
1.942124463790922562e+01,4.190806123590022025e+00
-1.222313228834105558e+01,9.619426930165555945e+00
-2.046594307233633003e+00,-1.927652355980256527e+00
2.406343129765009436e+01,1.812326507295934164e+01
1.401943239939101993e+01,1.626857722911481829e+01
-2.807154615007313225e+00,1.589733475041110999e+01
-1.098046922111377732e+01,-3.634151419456240539e+00
2.160623680930973478e+01,1.665008781772792545e+01
-1.347205562397320477e+01,-7.031230415112949217e+00
6.616815747797001990e+00,1.739562647918564053e+01
2.374956806420455280e+01,1.320860277945904571e+01
2.108539054588916173e+01,1.694242283248242842e+01
1.868808835507099886e+01,1.541232161912434151e+01
-1.162778867741326039e+01,1.528313723088450971e+01
1.217009361561329861e+01,1.231890472575836526e+01
1.573714843717995926e+01,1.972658803466906008e+01
6.861520606494512231e-01,-1.975340880581413439e+00
-1.538410714586521877e+01,-7.874590026964817469e+00
1.467479932104047080e+01,1.594339639317124480e+01
1.744555001028286156e+01,3.726657488972599630e+00
-1.747076300633077750e+01,1.066544058790153571e+01
2.686876286529783897e+01,1.195936795262401375e+01
-1.604630103441279232e+01,2.491555291443917497e+01
8.362092530593082884e+00,7.456736211127259928e+00
1.571433077101719356e+01,1.538982397601913910e+01
3.401196820302786961e+01,5.428106884049009651e+00
-4.831926753812656017e+00,-1.546234147708496209e+00
2.459803978358325338e+01,1.823452820200403579e+01
-2.012047020676508780e+01,1.729099220283998761e+00
-2.299832958982980102e+01,-1.476368125250697716e+00
1.563972468995546450e+01,1.596583953387630750e+01
1.380122538401267640e+01,7.236634124990553474e+00
-1.134238780009606096e+01,-9.351104367440481457e-01
2.420916898775874415e+01,1.532458572463135660e+01
-1.503417530371907951e+01,-7.598344479306584631e+00
3.577015189455630662e+01,1.564187993152814116e+01
1.186516145633074260e+01,4.688429213740154644e+00
-8.970333215441515406e+00,-4.048863132108643015e+00
4.344197139412645470e+01,7.315607212427135408e+00
1.667104924731283688e+01,8.549368432011931418e+00
2.770432444594089461e+01,1.823556177835633108e+01
1.029887404502516191e+01,2.025325794352434627e+01
-2.013219806361583863e+01,1.810030837471701659e+01
5.075660501915990608e-01,2.148872657618959536e+01
2.707814228136806634e+01,1.229395923500688781e+01
-1.423567068605895969e+01,1.241922673321186466e+01
-2.130566888476087328e+01,2.087874949777260269e+01
2.613355325142764940e+01,1.326810412570110742e+01
-1.453143984600853855e+01,2.513322326099468995e+01
-2.210176511799480181e+01,-6.992279421784170168e+00
-2.380356250820505792e+01,1.773745946797064477e+01
-3.297900253575431861e+01,2.479722283479986444e+01
1.697389152037238347e+01,1.961089503797862221e+01
7.978715934325249393e+00,1.843960791434291480e+01
1.472435551270554299e+01,1.491686305753689190e+01
2.930328104224195584e+01,1.356530387952759398e+01
-1.688343901921027168e+01,1.611593291893761659e+01
1.223338147951873545e+01,1.816709470940644167e+01
-9.062830556985044694e+00,-8.386388513157614355e+00
-1.588405559026259972e+01,1.075529111923663450e+01
-2.092796654424494918e+01,1.346230158209966277e+00
-1.498449807395244093e+01,2.545724065394914959e+01
2.637078757159373410e+01,1.412580697624332871e+01
-1.593589816543399529e+01,2.869746768474104925e+01
-4.954469815386521425e+00,-5.101546541928650313e+00
8.778778435184065643e+00,4.267919701673685839e-01
-2.495744152520461512e+01,6.741213164874812591e+00
-2.368580919654731076e+01,2.188423630072642112e+01
1.472949126320460778e+01,1.477501873343607919e+01
-1.702139086538191037e+01,2.021147801479520467e+01
-1.547396873602619749e+01,1.517037877929656631e+01
-2.779766600562082246e+01,2.265987018724431934e+01
3.713933758057342516e+01,1.316392288687828227e+01
-2.520597277113459711e+01,1.676518801432973760e+01
-2.156719759398069058e+01,1.896066907419581682e+01
1.821050987497783424e+01,1.471656404733681356e+01
1.483449037553921102e+00,6.163792164331663992e-01
-2.364815136345171709e+01,1.961435371855264620e+01
-1.800726096454483383e+01,-1.213534322875673865e+00
-2.504963663640508287e+01,7.216188122596827625e+00
7.715484024474003277e+00,1.594158829002989641e+01
1.120754707194141453e+01,2.025586240535152882e+01
-1.367169494359817250e+01,2.570807990909717233e+00
-2.181380068740035583e+01,2.930218434841528818e+01
4.314042621535232769e+01,1.062184828948977433e+01
1.191477677673216462e+01,1.536069912203011789e+01
1.349481045305151028e+01,1.422607780717453752e+00
-2.148826223910405631e+01,1.928645297761381272e+01
-1.787038879662949142e+01,1.278752117844233283e+01
-1.354045420535245015e+01,3.669695509453374882e+01
-3.166264172060041204e+01,8.826871128858723381e+00
-6.698969508026269004e+00,-2.957984823173768874e+00
7.068011131304098527e+00,2.088876919489302253e+01
-7.047011634731038754e+00,3.174959587795640470e+00
1.124873339245613835e+00,1.531901452970918598e+01
-1.550246872233210382e+01,6.059971253448036776e+00
-1.845793357983900052e+01,2.217220684472032843e+01
1.862306271385639533e+01,1.688006415033402163e+01
2.826254538605763145e+00,4.309426242354883030e+00
-1.437142025815316337e+01,9.872972964510884353e-02
2.206679990583720397e+01,1.657085517323036683e+01
-1.395803944883801151e+01,2.520835985990230199e+01
-5.610435807362229355e+00,2.415658199979203946e+00
1.127428139425344433e+01,1.265670426652411473e+00
-1.618970081518144255e+01,-6.763417684591160217e+00
1.839682101823057536e+01,1.620641651694518259e+01
1.411191526664826768e+01,1.099363711073159244e+01
-1.269148165070367185e+01,1.791284179842904578e+01
-1.029733199284876832e+00,1.967127276062765517e+01
2.499196224025070912e-01,-6.922796882672475061e-01
2.174069213897840669e+01,1.712675259642492520e+01
2.223662744342711761e+01,1.570757686747529824e+01
3.014724521085708275e+01,1.416971676466979169e+01
-1.580834780843215270e+01,2.497347133844859002e+01
-1.866588002748317976e+01,1.847920417386843539e+01
5.755839980977007997e+00,2.344866343134891906e+01
5.116165934396289572e+01,1.149163589487169013e+01
-2.427134180916433692e+01,3.295877014052429388e+01
-7.912776277982951356e+00,-2.240973902181891297e+00
-2.467249175656519355e+00,2.046208133858794298e+01
-1.085338457616842511e+01,-2.876386665642050033e-02
-2.768415452018347978e+01,2.495812246690707070e+01
-1.987639056044129404e+01,2.230079644816934703e+01
1.736614860991546294e+01,1.699195834852296372e+01
-2.251834482502756885e+01,1.633121509538713312e+01
2.442962164709144091e+01,1.511192420122643654e+01
7.052417801623716009e+00,-1.441810815847639704e+00
-5.454309403173456694e+00,-1.378061821801095599e+00
4.110958202652027182e+01,1.280762923733462699e+01
-1.783535042634243695e+01,1.274586343486867079e+01
-1.935200247709595978e+00,4.395862708322462176e+00
-5.707138575970213346e+00,2.782066337705975112e-01
3.370587075381580178e+01,9.925005795147498588e+00
3.255652000205771657e+01,1.435334756623447205e+01
2.440726074660830491e+01,5.769643494469733014e+00
2.315697667419472339e+01,1.313673060281690930e+01
-1.668822289606220721e+01,8.141213441198701162e+00
2.254050485546004623e+01,1.344911721725219955e+01
-1.531130387457661612e+01,3.578174933837055249e+01
-2.724782418793932237e+01,1.500578681805686898e+01
2.016497950128400873e+01,1.478906768643300040e+01
-2.272805266382274070e+01,-3.251374570967935806e+00
-2.184144990341172843e+01,2.844003161199285756e+01
1.038617319693353380e+01,5.472227568244870000e+00
-1.979418111244289236e+01,2.359349780403310604e+01
1.843151386253824597e+01,1.876325869050162254e+01
-1.845128022616691510e+01,1.888106853398490159e+01
6.252579978789176707e+00,2.035988078581323180e+01
-1.755946808590142894e+01,2.008852281384144334e+01
-2.242855923046310451e+01,2.689673453156713023e+01
-2.168718463272362840e+01,1.915004958787697475e+01
3.082418209488374750e+00,1.727124573124426909e+00
3.915849109610047662e+01,1.303675714716323597e+01
-1.169510807708694955e+01,1.476632411246274401e+01
1.865198256490363082e+00,-6.594465375435245136e+00
1.768393023846572376e+01,5.171388219490184568e+00
-1.672737761111343247e+01,1.856058569109438849e+01
1.915977985380800419e+01,1.627304582535042243e+01
1.409042133832728538e+01,2.085197463051097699e+01
2.741884801539304561e+01,1.182362931822237329e+01
1.099084003680566646e+01,5.562508736370022078e+00
-3.410523495185919796e+00,1.756948133066756901e+00
2.237634060026705285e+00,-1.113624614476235841e+00
1.734798446905232794e+01,1.346467173330184863e+01
2.338245384882587175e+01,1.283575114849027266e+01
3.819915379853787840e+01,1.254311807987781791e+01
1.637213381266924372e+01,4.151017398215190113e+00
-2.078692633628234177e+01,2.318342238949879075e+01
-6.925231485414375499e+00,3.516075351334029264e+00
1.170656317417991588e+01,-3.909842787194519609e-01
-1.831753421054168030e+01,-6.258097215494760057e+00
2.329258406174787410e+01,1.604516370906960177e+01
3.115797909172564051e-01,-2.180443882271010658e-01
1.124001846431011975e+00,7.609042340732330434e-01
1.585558856328802335e+01,1.841703217342359622e+01
-1.634663057087620786e+01,3.377477403165438119e+01
-1.827512641526276838e+01,2.488928849372387475e+01
-2.114305822736049834e+01,2.631906465226602165e+01
2.579291232505571685e+01,1.705633533294852100e+01
5.651040925805876469e+00,7.317356654360775536e+00
1.047215855482503954e+01,2.033775859429261601e+01
1.281150174634667316e+01,2.421617870905144798e+01
-2.324526113569058339e+01,1.397718643178987108e+01
2.244735169031245192e+01,2.148038063585221380e+01
-5.760629191228472834e+00,1.846031353704943312e+00
-6.037380248020446594e+00,1.668614916683976324e+00
2.100769691067501999e+00,1.529933165193712696e+00
2.158671926491268422e+01,7.565186209396704164e+00
5.397653546598046859e+00,2.111961939226167928e-01
-1.956456236769334822e+01,2.132978207340621424e+01
3.388662352404729461e+01,1.413248224597408154e+01
1.648951598189662704e+01,3.438674080055434512e+00
8.774776819487305701e+00,1.928946965166921990e+00
1.603959780182944073e+01,1.970667006801207677e+01
